local QuestPoses = {
    ["Titles Specialist"] = CFrame.new(-12653.8174, 336.76239, -7518.73389, 0, 0, -1, 0, 1, 0, 1, 0, 0),
    ["Crew Captain"] = CFrame.new(3031.37207, 457.451172, -7449.10254, 0.944228709, 0, 0.32929033, 0, 1, 0, -0.32929033, 0, 0.944228709),
    ["Daigrock, the Sharkman"] = CFrame.new(-5021.8877, 314.363556, -3203.03296, -0.374604106, 0, 0.92718488, 0, 1, 0, -0.92718488, 0, -0.374604106),
    ["Ancient One"] = CFrame.new(28976.2227, 14889.4844, -119.069099, 0, 0, -1, 0, 1, 0, 1, 0, 0),
    ["Peanut Quest Giver"] = CFrame.new(-2104.24658, 38.7870331, -10193.9766, -0.766061664, 0, -0.642767608, 0, 1, 0, 0.642767608, 0, -0.766061664),
    ["Mysterious Force3"] = CFrame.new(28609.2988, 14896.6572, 105.400002, -1.1920929e-07, 0, 1.00000012, 0, 1, 0, -1.00000012, 0, -1.1920929e-07),
    ["Pirate Port Quest Giver"] = CFrame.new(-289.557159, 44.4408989, 5579.65869, 0.965929627, 0, -0.258804798, 0, 1, 0, 0.258804798, 0, 0.965929627),
    ["erin"] = CFrame.new(-4877.63135, 314.363556, -2868.14355, 0.927179396, 0, 0.374617696, 0, 1, 0, -0.374617696, 0, 0.927179396),
    ["Beast Hunter"] = CFrame.new(-16281.9912, 73.4065399, 261.00705, -0.956294656, 0, -0.292404652, 0, 1, 0, 0.292404652, 0, -0.956294656),
    ["Citizen"] = CFrame.new(-12443.0049, 332.311798, -7674.7832, -0.707134247, 0, 0.707079291, 0, 1, 0, -0.707079291, 0, -0.707134247),
    ["Phoeyu, the Reformed"] = CFrame.new(-5058.49268, 314.601257, -3188.08374, 0.374604106, 0, -0.92718488, 0, 1, 0, 0.92718488, 0, 0.374604106),
    ["Tiki Quest Giver 1"] = CFrame.new(-16546.8613, 56.4392204, -173.238693, 0.213092566, 0, -0.977032006, 0, 1, 0, 0.977032006, 0, 0.213092566),
    ["Death King"] = CFrame.new(-8724.19629, 141.969559, 6247.646, 0, 0, 1, 0, 1, 0, -1, 0, 0),
    ["Blox Fruit Dealer"] = CFrame.new(-12510.5166, 336.76297, -7443.73438, 1, 0, 0, 0, 1, 0, 0, 0, 1),
    ["Spy"] = CFrame.new(-16467.5098, 527.601868, 537.713501, 0.0348494053, 0, -0.999392569, 0, 1, 0, 0.999392569, 0, 0.0348494053),
    ["Haunted Castle Quest Giver 1"] = CFrame.new(-9481.21582, 142.752518, 5566.09277, 0, 0, 1, 0, 1, 0, -1, 0, 0),
    ["Amazon Quest Giver"] = CFrame.new(5833.71338, 52.5138397, -1103.31323, 0.898790359, 0, -0.438378751, 0, 1, 0, 0.438378751, 0, 0.898790359),
    ["Player Hunter"] = CFrame.new(-5560.65479, 313.563538, -2838.88843, 0.374604106, 0, -0.92718488, 0, 1, 0, 0.92718488, 0, 0.374604106),
    ["Mysterious Scientist"] = CFrame.new(-5013.95557, 315.466553, -2815.76074, 0.927179396, 0, 0.374617696, 0, 1, 0, -0.374617696, 0, 0.927179396),
    ["Ancient Monk"] = CFrame.new(-13776.0918, 335.270294, -9879.85059, -0.0697871447, 0, 0.997561872, 0, 1, 0, -0.997561872, 0, -0.0697871447),
    ["Cake Scientist"] = CFrame.new(-2711.15063, 65.0140381, -12893.6455, -0.996191859, 0, 0.0871884301, 0, 1, 0, -0.0871884301, 0, -0.996191859),
    ["Gravestone"] = CFrame.new(-8653.9248, 140.520065, 6172.18164, -1, 0, 0, 0, 1, 0, 0, 0, -1),
    ["Deep Forest Area 2 Quest Giver"] = CFrame.new(-12682.374, 391.508453, -9901.8457, -0.0871315002, 0, 0.996196866, 0, 1, 0, -0.996196866, 0, -0.0871315002),
    ["Mysterious Force"] = CFrame.new(2954.8103, 2282.35107, -7217.28467, -0.173624277, 0, 0.984811902, 0, 1, 0, -0.984811902, 0, -0.173624277),
    ["Marine Tree Quest Giver"] = CFrame.new(2180.02368, 29.3531189, -6739.61865, -0.965929747, 0, 0.258804798, 0, 1, 0, -0.258804798, 0, -0.965929747),
    ["Colors Specialist"] = CFrame.new(-12447.2168, 336.76239, -7498.13428, 0, 0, 1, 0, 1, 0, -1, 0, 0),
    ["Elite Hunter"] = CFrame.new(-5418.41309, 313.563507, -2824.76782, 0.927179396, 0, 0.374617696, 0, 1, 0, -0.374617696, 0, 0.927179396),
    ["Haunted Castle Quest Giver 2"] = CFrame.new(-9514.99316, 172.850418, 6078.46533, 0, 0, -1, 0, 1, 0, 1, 0, 0),
    ["Bounty/Honor Expert"] = CFrame.new(-12648.1426, 375.449036, -7492.63867, 0, 0, -1, 0, 1, 0, 1, 0, 0),
    ["Dark Step Teacher"] = CFrame.new(-5058.02246, 314.363556, -3197.1709, -0.927179813, 0, -0.374617696, 0, 1, 0, 0.374617696, 0, -0.927179813),
    ["Shark Hunter"] = CFrame.new(-16525.168, 108.68322, 751.700195, 0.974366367, 0, -0.224967003, 0, 1, 0, 0.224967003, 0, 0.974366367),
    ["Chocolate Quest Giver 2"] = CFrame.new(149.385895, 25.4281521, -12775.4619, 0.422592998, 0, 0.906319618, 0, 1, 0, -0.906319618, 0, 0.422592998),
    ["Mysterious Entity"] = CFrame.new(-11560.1738, 48.9202614, -7598.34521, -1, 0, 0, 0, 1, 0, 0, 0, -1),
    ["Amazon Area 2 Quest Giver"] = CFrame.new(5446.86133, 602.349365, 751.130676, 0, 0, 1, 0, 1, 0, -1, 0, 0),
    ["Horned Man"] = CFrame.new(-11891.7275, 931.198792, -8760.04102, -0.275688529, 0, -0.961247265, 0, 1, 0, 0.961247265, 0, -0.275688529),
    ["Martial Arts Master"] = CFrame.new(-5004.48584, 315.152985, -3221.29443, -0.927179813, 0, -0.374617696, 0, 1, 0, 0.374617696, 0, -0.927179813),
    ["Doghouse"] = CFrame.new(-13619.7695, 331.894257, -7746.28418, -8.70227814e-05, -6.15529716e-05, -1, -0.011780302, 0.99993062, -6.05233945e-05, 0.99993062, 0.0117802974, -8.77380371e-05),
    ["Aura Editor"] = CFrame.new(-4889.16309, 371.16098, -2861.97339, 0.927179396, 0, 0.374617696, 0, 1, 0, -0.374617696, 0, 0.927179396),
    ["Experienced Captain"] = CFrame.new(-74.512207, 7.32915592, 5365.10645, 0.258864343, 0, 0.965913713, 0, 1, 0, -0.965913713, 0, 0.258864343),
    ["Blacksmith"] = CFrame.new(-358.001831, 43.3612938, 5543.12744, 0.948897243, 0.242716163, -0.201700032, -0.0678307861, 0.781052113, 0.620770931, 0.308209449, -0.575366378, 0.757601857),
    ["Plokster"] = CFrame.new(-5143.86426, 316.161133, -3165.14404, -0.913549781, 0, -0.406727046, 0, 1, 0, 0.406727046, 0, -0.913549781),
    ["Uzoth"] = CFrame.new(-9783.15625, 852.027039, 6667.38477, -1.1920929e-07, 0, 1.00000012, 0, 1, 0, -1.00000012, 0, -1.1920929e-07),
    ["Butler"] = CFrame.new(-5118.15479, 316.163422, -3132.86108, -0.374604106, 0, 0.92718488, 0, 1, 0, -0.92718488, 0, -0.374604106),
    ["Arena Trainer"] = CFrame.new(3496.13159, 91.4951782, 281.990692, 0.087131381, 0, 0.996196866, 0, 1, 0, -0.996196866, 0, 0.087131381),
    ["Santa Claws"] = CFrame.new(-1059.42517, 13.9554253, -14122.7617, -0.499959469, 0, -0.866048813, 0, 1, 0, 0.866048813, 0, -0.499959469),
    ["Shipwright Teacher"] = CFrame.new(-16526.3105, 75.7125244, 311.309021, -0.22495985, 0, -0.974368095, 0, 1, 0, 0.974368095, 0, -0.22495985),
    ["Candy Cane Quest Giver"] = CFrame.new(-1147.35266, 15.1133957, -14445.3018, -0.156446099, 0, -0.987686574, 0, 1, 0, 0.987686574, 0, -0.156446099),
    ["Chocolate Quest Giver 1"] = CFrame.new(231.75, 25.4377403, -12198.292, -1, 0, 0, 0, 1, 0, 0, 0, -1),
    ["drip_mama"] = CFrame.new(-2137.14941, 69.8312531, -12324.3066, -0.965929747, 0, -0.258804798, 0, 1, 0, 0.258804798, 0, -0.965929747),
    ["Shafi"] = CFrame.new(-16515.1309, 24.3179722, -190.150345, 0.999391913, 0, 0.0348687991, 0, 1, 0, -0.0348687991, 0, 0.999391913),
    ["Advanced Fruit Dealer"] = CFrame.new(-7.80600023, -7541.44092, 14.2742729, 1, 0, 0, 0, 1, 0, 0, 0, 1),
    ["Master of Auras"] = CFrame.new(-5081.24219, 338.222412, -3118.11377, 0.374604106, 0, -0.92718488, 0, 1, 0, 0.92718488, 0, 0.374604106),
    ["Ghost"] = CFrame.new(-9756.37793, 271.703552, 6291.09229, 0.3729617, 0, -0.927846909, 0, 1, 0, 0.927846909, 0, 0.3729617),
    ["Awakenings Expert"] = CFrame.new(-12647.3174, 374.762695, -7557.43408, 0, 0, -1, 0, 1, 0, 1, 0, 0),
    ["Tacomura"] = CFrame.new(-5060.87207, 371.16098, -3141.08325, 0.374604106, 0, -0.92718488, 0, 1, 0, 0.92718488, 0, 0.374604106),
    ["Pirate Recruiter"] = CFrame.new(-12258.2734, 331.6185, -7399.28027, -1, 0, 0, 0, 1, 0, 0, 0, -1),
    ["Crypt Master"] = CFrame.new(-12131.0283, 578.440369, -6707.39941, 0, 0, -1, 0, 1, 0, 1, 0, 0),
    ["tort"] = CFrame.new(-12489.2168, 336.76239, -7565.43359, 0, 0, 1, 0, 1, 0, -1, 0, 0),
    ["Sabi"] = CFrame.new(-4969.64307, 314.363586, -3227.48486, -0.374604106, 0, 0.92718488, 0, 1, 0, -0.92718488, 0, -0.374604106),
    ["Dragon Talon Sage"] = CFrame.new(-15907.0625, 484.082153, 945.24939, -0.0958583355, 0, -0.995395064, 0, 1, 0, 0.995395064, 0, -0.0958583355),
    ["Remove Blox Fruit"] = CFrame.new(-5573.1123, 1088.573, -2660.36792, 0.374604106, 0, -0.92718488, 0, 1, 0, 0.92718488, 0, 0.374604106),
    ["Ice Cream Quest Giver"] = CFrame.new(-820.662048, 66.4634171, -10965.751, -0.766061664, 0, 0.642767608, 0, 1, 0, -0.642767608, 0, -0.766061664),
    ["Previous Hero"] = CFrame.new(-10370.2832, 332.30191, -10129.8115, -0.804111481, 0, -0.594478488, 0, 1, 0, 0.594478488, 0, -0.804111481),
    ["Deep Forest Quest Giver"] = CFrame.new(-13232.626, 333.025909, -7626.81543, 0.707134247, 0, -0.707079291, 0, 1, 0, 0.707079291, 0, 0.707134247),
    ["Sealed King"] = CFrame.new(-5355.51025, 313.563538, -2491.32202, -0.927179813, 0, -0.374617696, 0, 1, 0, 0.374617696, 0, -0.927179813),
    ["Cake Quest Giver 2"] = CFrame.new(-1927.69971, 38.5628929, -12842.5283, 0.951068401, 0, -0.308980465, 0, 1, 0, 0.308980465, 0, 0.951068401),
    ["Thunder God"] = CFrame.new(-263.290375, 49326.4375, -35280.7383, -0.978162646, 0, -0.20784153, 0, 1, 0, 0.20784153, 0, -0.978162646),
    ["Lunoven"] = CFrame.new(-5115.48438, 315.263519, -3091.0144, 0.927179396, 0, 0.374617696, 0, 1, 0, -0.374617696, 0, 0.927179396),
    ["Mad Scientist"] = CFrame.new(-5044.07812, 314.363556, -3202.69678, -0.927179813, 0, -0.374617696, 0, 1, 0, 0.374617696, 0, -0.927179813),
    ["Nerd"] = CFrame.new(-12452.0898, 375.407654, -7522.76123, 0, 0, 1, 0, 1, 0, -1, 0, 0),
    ["Blox Fruit Gacha"] = CFrame.new(-12489.5518, 336.76239, -7446.49023, 0.707134247, 0, 0.707079291, 0, 1, 0, -0.707079291, 0, 0.707134247),
    ["Skeleton Machine"] = CFrame.new(-9680.84863, 5.85922194, 6349.41797, -1, 0, 0, 0, 1, 0, 0, 0, -1),
    ["Water Kung-fu Teacher"] = CFrame.new(-5029.70801, 316.628326, -3208.58154, -0.927179813, 0, -0.374617696, 0, 1, 0, 0.374617696, 0, -0.927179813),
    ["Tiki Quest Giver 2"] = CFrame.new(-16539.0234, 56.3082275, 1051.37903, 0.0410757065, 0, -0.999156058, 0, 1, 0, 0.999156058, 0, 0.0410757065),
    ["Frozen Watcher"] = CFrame.new(1.70980656, -10000.0205, -0.095172815, 0.0697871447, 0, -0.997561872, 0, 1, 0, 0.997561872, 0, 0.0697871447),
    ["Sweet Crafter"] = CFrame.new(224.798691, 24.8433533, -12771.3789, 0.573598742, 0, -0.81913656, 0, 1, 0, 0.81913656, 0, 0.573598742),
    ["Turtle Adventure Quest Giver"] = CFrame.new(-10582.5947, 332.41037, -8759.4209, -0.882952213, 0, 0.469463557, 0, 1, 0, -0.469463557, 0, -0.882952213),
    ["Marine Recruiter"] = CFrame.new(-12800.5742, 332.225586, -7699.16309, 0, 0, 1, 0, 1, 0, -1, 0, 0),
    ["Hungry Man"] = CFrame.new(-10920.1787, 624.004883, -10268.9014, -0.707134247, 0, -0.707079291, 0, 1, 0, 0.707079291, 0, -0.707134247),
    ["Sick Scientist"] = CFrame.new(-2811.875, 253.737274, -12591.293, 0.707134247, 0, 0.707079291, 0, 1, 0, -0.707079291, 0, 0.707134247),
    ["Cake Quest Giver 1"] = CFrame.new(-2021.74756, 38.465023, -12029.0537, -0.961273909, 0, -0.275594592, 0, 1, 0, 0.275594592, 0, -0.961273909),
    ["Magic Elf"] = CFrame.new(-1031.15259, 13.9554558, -14725.6191, -1, 0, 0, 0, 1, 0, 0, 0, -1),
    ["Greedy Elf"] = CFrame.new(-994.782654, 13.4674416, -14554.582, -0.587748766, 0, 0.809043527, 0, 1, 0, -0.809043527, 0, -0.587748766),
}
local QuestNPCs = {
    ['PiratePortQuest'] = 'Pirate Port Quest Giver',
    ['AmazonQuest'] = 'Amazon Quest Giver', 
    ['AmazonQuest2'] = 'Amazon Area 2 Quest Giver',
    ['MarineTreeIsland'] = 'Marine Tree Quest Giver',
    ['DeepForestIsland3'] = 'Turtle Adventure Quest Giver',
    ['DeepForestIsland'] = 'Deep Forest Quest Giver',
    ['DeepForestIsland2'] = 'Deep Forest Area 2 Quest Giver',
    ['HauntedQuest1'] = 'Haunted Castle Quest Giver 1',
    ['HauntedQuest2'] = 'Haunted Castle Quest Giver 2',
    ['NutsIslandQuest'] = 'Peanut Quest Giver',
    ['IceCreamIslandQuest'] = 'Ice Cream Quest Giver',
    ['CakeQuest1'] = 'Cake Quest Giver 1',
    ['CakeQuest2'] = 'Cake Quest Giver 2',
    ['ChocQuest1'] = 'Chocolate Quest Giver 1',
    ['ChocQuest2'] = 'Chocolate Quest Giver 2',
    ['CandyQuest1'] = 'Candy Cane Quest Giver',
    ['TikiQuest1'] = 'Tiki Quest Giver 1',
    ['TikiQuest2'] = 'Tiki Quest Giver 2'
}
return QuestPoses,QuestNPCs
